<?xml version="1.0" encoding="UTF-8" standalone="no"?>
<!-- Created with Inkscape (http://www.inkscape.org/) -->

<svg
   xmlns:dc="http://purl.org/dc/elements/1.1/"
   xmlns:cc="http://creativecommons.org/ns#"
   xmlns:rdf="http://www.w3.org/1999/02/22-rdf-syntax-ns#"
   xmlns:svg="http://www.w3.org/2000/svg"
   xmlns="http://www.w3.org/2000/svg"
   xmlns:sodipodi="http://sodipodi.sourceforge.net/DTD/sodipodi-0.dtd"
   xmlns:inkscape="http://www.inkscape.org/namespaces/inkscape"
   width="25.28314mm"
   height="13.140426mm"
   viewBox="0 0 25.28314 13.140426"
   version="1.1"
   id="svg5975"
   inkscape:version="0.92.4 (5da689c313, 2019-01-14)"
   sodipodi:docname="grain2.svg">
  <defs
     id="defs5969" />
  <sodipodi:namedview
     id="base"
     pagecolor="#ffffff"
     bordercolor="#666666"
     borderopacity="1.0"
     inkscape:pageopacity="0.0"
     inkscape:pageshadow="2"
     inkscape:zoom="7.9195959"
     inkscape:cx="36.614017"
     inkscape:cy="17.128859"
     inkscape:document-units="mm"
     inkscape:current-layer="layer1"
     showgrid="false"
     inkscape:window-width="1920"
     inkscape:window-height="1017"
     inkscape:window-x="1912"
     inkscape:window-y="-8"
     inkscape:window-maximized="1" />
  <metadata
     id="metadata5972">
    <rdf:RDF>
      <cc:Work
         rdf:about="">
        <dc:format>image/svg+xml</dc:format>
        <dc:type
           rdf:resource="http://purl.org/dc/dcmitype/StillImage" />
        <dc:title></dc:title>
      </cc:Work>
    </rdf:RDF>
  </metadata>
  <g
     inkscape:label="Layer 1"
     inkscape:groupmode="layer"
     id="layer1"
     transform="translate(111.33488,-264.61092)">
    <g
       id="g5697"
       transform="matrix(0.35277777,0,0,-0.35277777,-89.449496,268.15271)">
      <path
         d="m 0,0 c -3.097,0 -5.742,-1.783 -6.798,-4.296 -0.992,0.274 -2.06,0.423 -3.175,0.423 -1.872,0 -3.614,-0.422 -5.075,-1.146 -1.773,2.415 -4.922,4.022 -8.514,4.022 -1.294,0 -2.53,-0.211 -3.667,-0.591 -0.82,3.742 -4.153,6.545 -8.142,6.545 -3.154,0 -5.9,-1.753 -7.316,-4.337 -0.981,0.302 -2.042,0.421 -3.145,0.316 -3.88,-0.374 -6.971,-3.587 -7.202,-7.479 -0.275,-4.643 3.408,-8.493 7.99,-8.493 2.886,0 5.415,1.527 6.823,3.818 0.889,-0.324 1.849,-0.501 2.85,-0.501 0.703,0 1.384,0.088 2.036,0.252 1.029,-3.784 5.013,-6.606 9.773,-6.606 0.938,0 1.846,0.109 2.707,0.314 2.728,0.65 5.563,0.562 8.303,-0.039 0.819,-0.179 1.684,-0.275 2.579,-0.275 3.56,0 6.654,1.519 8.225,3.752 0.396,0.562 1.048,0.869 1.736,0.867 H 0 c 4.027,0 7.292,3.012 7.292,6.727 C 7.292,-3.012 4.027,0 0,0"
         style="fill:#f3c764;fill-opacity:1;fill-rule:nonzero;stroke:none"
         id="path5699"
         inkscape:connector-curvature="0" />
    </g>
    <g
       id="g5701"
       transform="matrix(0.35277777,0,0,-0.35277777,-89.449496,269.97308)">
      <path
         d="m 0,0 c -3.097,0 -5.742,-1.783 -6.798,-4.296 -0.992,0.273 -2.06,0.422 -3.175,0.422 -1.872,0 -3.614,-0.421 -5.075,-1.145 -1.773,2.415 -4.922,4.021 -8.514,4.021 -1.294,0 -2.53,-0.21 -3.667,-0.59 -0.82,3.742 -4.153,6.544 -8.142,6.544 -3.154,0 -5.9,-1.752 -7.316,-4.336 -0.981,0.302 -2.042,0.421 -3.145,0.316 -3.88,-0.374 -6.971,-3.587 -7.202,-7.48 -0.275,-4.642 3.408,-8.492 7.99,-8.492 2.886,0 5.415,1.527 6.823,3.818 0.889,-0.324 1.849,-0.501 2.85,-0.501 0.703,0 1.384,0.088 2.036,0.252 1.029,-3.784 5.013,-6.606 9.773,-6.606 0.938,0 1.846,0.109 2.707,0.314 2.728,0.65 5.563,0.562 8.303,-0.039 0.819,-0.179 1.684,-0.275 2.579,-0.275 3.56,0 6.654,1.519 8.225,3.752 0.396,0.562 1.048,0.869 1.736,0.867 H 0 c 4.027,0 7.292,3.012 7.292,6.727 C 7.292,-3.012 4.027,0 0,0"
         style="fill:#f3c764;fill-opacity:1;fill-rule:nonzero;stroke:none"
         id="path5703"
         inkscape:connector-curvature="0" />
    </g>
    <g
       id="g5705"
       transform="matrix(0.35277777,0,0,-0.35277777,-98.632549,274.77315)">
      <path
         d="m 0,0 c -2.505,0 -5.291,0.566 -8.166,1.151 -3.665,0.746 -7.454,1.517 -11.086,1.251 -0.869,-0.064 -1.695,-0.093 -2.477,-0.093 -10.073,-0.001 -13.079,4.91 -13.211,5.135 -0.121,0.205 -0.052,0.469 0.153,0.589 0.205,0.12 0.47,0.052 0.59,-0.153 0.031,-0.053 3.394,-5.462 14.882,-4.619 3.75,0.274 7.599,-0.508 11.32,-1.266 5.036,-1.023 9.793,-1.991 12.973,0.147 1.951,1.311 3.233,3.718 3.92,7.359 0.755,4 2.703,6.997 5.79,8.907 7.302,4.518 18.338,1.465 18.804,1.333 0.229,-0.064 0.362,-0.303 0.297,-0.531 C 33.724,18.98 33.487,18.848 33.257,18.912 33.146,18.944 22.115,21.993 15.139,17.675 12.267,15.896 10.452,13.093 9.744,9.341 9.013,5.463 7.61,2.873 5.458,1.427 3.896,0.377 2.041,0 0,0"
         style="fill:#f6d68e;fill-opacity:1;fill-rule:nonzero;stroke:none"
         id="path5707"
         inkscape:connector-curvature="0" />
    </g>
    <g
       id="g5709"
       transform="matrix(0.35277777,0,0,-0.35277777,-109.20936,272.92484)">
      <path
         d="M 0,0 C -0.079,0 -0.158,0.021 -0.229,0.066 -0.431,0.193 -0.491,0.459 -0.363,0.66 -0.235,0.863 2.844,5.671 8.538,9.009 13.811,12.101 22.375,14.41 33.231,7.855 38.73,4.534 44.377,5.169 47.829,6.87 c 2.083,1.027 3.471,2.501 3.622,3.846 0.216,1.933 1.819,3.979 4.181,5.338 2.867,1.647 6.119,1.952 8.701,0.812 0.218,-0.095 0.316,-0.349 0.22,-0.567 -0.095,-0.218 -0.35,-0.317 -0.568,-0.221 -2.331,1.028 -5.294,0.74 -7.923,-0.771 C 53.932,14.082 52.493,12.286 52.306,10.62 52.12,8.961 50.589,7.271 48.209,6.099 44.554,4.296 38.583,3.617 32.786,7.118 24.373,12.198 16.37,12.59 9.001,8.282 3.478,5.054 0.395,0.248 0.364,0.2 0.283,0.07 0.143,0 0,0"
         style="fill:#f6d68e;fill-opacity:1;fill-rule:nonzero;stroke:none"
         id="path5711"
         inkscape:connector-curvature="0" />
    </g>
    <g
       id="g5713"
       transform="matrix(0.35277777,0,0,-0.35277777,-108.37063,275.25614)">
      <path
         d="m 0,0 c -1.181,0 -2.321,0.225 -3.354,0.681 -0.218,0.096 -0.316,0.35 -0.22,0.568 0.095,0.217 0.349,0.316 0.568,0.22 2.332,-1.03 5.294,-0.74 7.923,0.771 2.13,1.225 3.569,3.021 3.756,4.688 0.186,1.658 1.717,3.348 4.097,4.521 3.655,1.802 9.627,2.481 15.424,-1.019 8.413,-5.08 16.415,-5.472 23.785,-1.164 5.522,3.228 8.605,8.033 8.636,8.081 0.127,0.201 0.393,0.26 0.593,0.133 0.202,-0.126 0.262,-0.392 0.134,-0.593 C 61.214,16.684 58.135,11.877 52.441,8.538 47.168,5.447 38.604,3.138 27.749,9.692 22.25,13.013 16.602,12.378 13.15,10.677 11.067,9.649 9.679,8.177 9.528,6.831 9.312,4.897 7.709,2.853 5.347,1.494 3.627,0.506 1.769,0 0,0"
         style="fill:#f6d68e;fill-opacity:1;fill-rule:nonzero;stroke:none"
         id="path5715"
         inkscape:connector-curvature="0" />
    </g>
    <g
       id="g5717"
       transform="matrix(0.35277777,0,0,-0.35277777,-87.325564,274.4717)">
      <path
         d="m 0,0 c -1.769,0 -3.627,0.505 -5.346,1.494 -2.363,1.359 -3.966,3.403 -4.182,5.337 -0.151,1.346 -1.539,2.818 -3.622,3.846 -3.452,1.701 -9.099,2.336 -14.598,-0.985 -10.856,-6.555 -19.42,-4.246 -24.693,-1.154 -5.694,3.339 -8.773,8.146 -8.901,8.349 -0.128,0.201 -0.068,0.467 0.134,0.593 0.2,0.127 0.466,0.068 0.593,-0.133 0.031,-0.048 3.114,-4.854 8.637,-8.081 7.369,-4.309 15.372,-3.916 23.785,1.164 5.796,3.499 11.768,2.821 15.423,1.019 2.38,-1.173 3.912,-2.863 4.098,-4.522 C -8.485,5.261 -7.047,3.465 -4.917,2.24 -2.287,0.729 0.675,0.44 3.006,1.469 3.225,1.564 3.479,1.466 3.574,1.249 3.67,1.031 3.572,0.776 3.354,0.681 2.321,0.225 1.18,0 0,0"
         style="fill:#f6d68e;fill-opacity:1;fill-rule:nonzero;stroke:none"
         id="path5719"
         inkscape:connector-curvature="0" />
    </g>
    <g
       id="g5721"
       transform="matrix(0.35277777,0,0,-0.35277777,-105.04234,276.79506)">
      <path
         d="m 0,0 c -0.164,0 -0.32,0.093 -0.392,0.252 -0.099,0.216 -0.004,0.472 0.212,0.57 0.313,0.143 7.725,3.476 13.951,1.334 4.768,-1.638 7.138,-0.103 9.881,1.675 0.654,0.423 1.329,0.861 2.056,1.267 3.894,2.173 6.396,3.187 16.493,0.601 3.577,-0.915 6.23,-0.756 7.672,0.463 1.37,1.16 1.237,2.939 1.236,2.956 -0.02,0.237 0.155,0.445 0.391,0.466 0.235,0.023 0.445,-0.152 0.467,-0.389 C 51.975,9.104 52.148,6.969 50.439,5.515 48.754,4.079 45.911,3.861 41.987,4.865 32.21,7.369 29.825,6.409 26.128,4.346 25.426,3.954 24.763,3.524 24.121,3.108 21.31,1.287 18.656,-0.434 13.491,1.342 7.586,3.372 0.252,0.072 0.179,0.039 0.121,0.013 0.06,0 0,0"
         style="fill:#f6d68e;fill-opacity:1;fill-rule:nonzero;stroke:none"
         id="path5723"
         inkscape:connector-curvature="0" />
    </g>
    <g
       id="g5725"
       transform="matrix(0.35277777,0,0,-0.35277777,-107.3414,268.58508)">
      <path
         d="m 0,0 c -0.15,0 -0.296,0.078 -0.375,0.218 -0.117,0.207 -0.044,0.469 0.163,0.587 0.254,0.144 6.303,3.511 11.398,1.345 3.776,-1.604 5.665,-0.089 7.852,1.664 0.529,0.425 1.077,0.865 1.667,1.272 3.182,2.199 5.226,3.225 13.448,0.624 2.63,-0.832 4.568,-0.777 5.762,0.161 1.442,1.135 1.314,3.254 1.313,3.275 -0.017,0.238 0.162,0.444 0.399,0.46 0.236,0.013 0.443,-0.161 0.46,-0.397 C 42.094,9.104 42.254,6.622 40.454,5.199 39.023,4.069 36.816,3.965 33.894,4.889 26.039,7.374 24.231,6.476 21.194,4.378 20.629,3.987 20.094,3.559 19.576,3.143 17.274,1.297 15.101,-0.448 10.849,1.358 6.141,3.359 0.271,0.089 0.212,0.056 0.145,0.018 0.072,0 0,0"
         style="fill:#f6d68e;fill-opacity:1;fill-rule:nonzero;stroke:none"
         id="path5727"
         inkscape:connector-curvature="0" />
    </g>
    <g
       id="g5729"
       transform="matrix(0.35277777,0,0,-0.35277777,-107.69142,276.6862)">
      <path
         d="m 0,0 c -0.114,0 -0.228,0.045 -0.312,0.135 -0.164,0.172 -0.157,0.444 0.016,0.608 0.324,0.306 7.99,7.484 14.588,7.331 0.081,-0.002 0.162,-0.003 0.243,-0.003 6.151,0 12.077,5.75 12.137,5.809 0.17,0.166 0.443,0.164 0.609,-0.006 0.167,-0.17 0.164,-0.442 -0.006,-0.608 C 27.021,13.015 21.033,7.211 14.539,7.21 14.45,7.21 14.361,7.211 14.271,7.213 14.205,7.215 14.137,7.216 14.071,7.216 7.872,7.216 0.372,0.189 0.296,0.117 0.213,0.039 0.106,0 0,0"
         style="fill:#f6d68e;fill-opacity:1;fill-rule:nonzero;stroke:none"
         id="path5731"
         inkscape:connector-curvature="0" />
    </g>
    <g
       id="g5733"
       transform="matrix(0.35277777,0,0,-0.35277777,-87.375023,274.63398)">
      <path
         d="m 0,0 c 0.138,0 0.272,-0.072 0.345,-0.201 0.108,-0.191 0.041,-0.432 -0.149,-0.539 -0.235,-0.134 -5.798,-3.231 -10.485,-1.239 -3.473,1.476 -5.211,0.083 -7.222,-1.53 -0.486,-0.39 -0.99,-0.795 -1.533,-1.17 -2.927,-2.022 -4.807,-2.966 -12.37,-0.574 -2.419,0.766 -4.201,0.716 -5.299,-0.147 -1.327,-1.044 -1.209,-2.994 -1.208,-3.013 0.015,-0.219 -0.149,-0.407 -0.367,-0.423 -0.217,-0.012 -0.407,0.148 -0.423,0.365 -0.007,0.097 -0.154,2.38 1.503,3.689 1.315,1.039 3.345,1.136 6.033,0.285 7.225,-2.285 8.888,-1.46 11.681,0.47 0.519,0.359 1.012,0.754 1.488,1.135 2.117,1.7 4.117,3.304 8.027,1.642 4.331,-1.84 9.73,1.168 9.784,1.198 C -0.133,-0.017 -0.066,0 0,0"
         style="fill:#7cb77e;fill-opacity:1;fill-rule:nonzero;stroke:none"
         id="path5735"
         inkscape:connector-curvature="0" />
    </g>
    <g
       id="g5737"
       transform="matrix(0.35277777,0,0,-0.35277777,-98.07255,275.08046)">
      <path
         d="m 0,0 c -2.304,0 -4.867,0.521 -7.511,1.06 -3.371,0.685 -6.856,1.394 -10.197,1.149 -0.799,-0.059 -1.559,-0.086 -2.278,-0.086 -9.265,0 -12.03,4.517 -12.152,4.724 -0.11,0.188 -0.047,0.431 0.141,0.542 0.189,0.11 0.432,0.048 0.542,-0.141 0.03,-0.049 3.122,-5.023 13.689,-4.249 3.449,0.252 6.989,-0.467 10.413,-1.163 4.631,-0.942 9.007,-1.833 11.932,0.134 1.794,1.206 2.974,3.421 3.606,6.769 0.693,3.679 2.485,6.436 5.325,8.193 6.717,4.155 16.867,1.347 17.296,1.226 0.21,-0.059 0.332,-0.279 0.273,-0.489 C 31.019,17.458 30.801,17.336 30.59,17.396 30.488,17.425 20.341,20.229 13.925,16.257 11.284,14.622 9.614,12.043 8.963,8.592 8.29,5.024 7,2.643 5.021,1.312 3.583,0.347 1.877,0 0,0"
         style="fill:#7cb77e;fill-opacity:1;fill-rule:nonzero;stroke:none"
         id="path5739"
         inkscape:connector-curvature="0" />
    </g>
    <g
       id="g5741"
       transform="matrix(0.35277777,0,0,-0.35277777,-107.801,273.38063)">
      <path
         d="m 0,0 c -0.072,0 -0.146,0.021 -0.211,0.062 -0.185,0.117 -0.24,0.361 -0.123,0.546 0.118,0.187 2.95,4.609 8.187,7.679 4.85,2.844 12.728,4.968 22.712,-1.061 5.059,-3.054 10.253,-2.471 13.428,-0.906 1.916,0.945 3.192,2.3 3.331,3.537 0.199,1.779 1.673,3.66 3.846,4.91 2.637,1.515 5.628,1.795 8.003,0.748 0.201,-0.089 0.291,-0.323 0.202,-0.523 -0.087,-0.2 -0.321,-0.291 -0.521,-0.202 -2.145,0.945 -4.87,0.681 -7.289,-0.71 C 49.606,12.953 48.283,11.302 48.111,9.769 47.94,8.243 46.531,6.688 44.343,5.609 40.98,3.952 35.488,3.328 30.156,6.548 22.418,11.221 15.057,11.58 8.279,7.618 3.199,4.648 0.363,0.229 0.335,0.185 0.26,0.065 0.131,0 0,0"
         style="fill:#7cb77e;fill-opacity:1;fill-rule:nonzero;stroke:none"
         id="path5743"
         inkscape:connector-curvature="0" />
    </g>
    <g
       id="g5745"
       transform="matrix(0.35277777,0,0,-0.35277777,-87.124727,270.04544)">
      <path
         d="m 0,0 c -0.118,-0.187 -2.949,-4.608 -8.188,-7.679 -4.668,-2.736 -12.141,-4.805 -21.593,0.416 -0.241,0.131 -0.48,0.268 -0.725,0.41 -0.13,0.077 -0.261,0.157 -0.394,0.236 -5.057,3.054 -10.253,2.47 -13.429,0.906 -1.916,-0.944 -3.191,-2.302 -3.331,-3.538 -0.2,-1.776 -1.671,-3.658 -3.845,-4.91 -0.557,-0.321 -1.129,-0.585 -1.707,-0.792 -0.575,-0.209 -1.157,-0.362 -1.739,-0.457 -0.365,0.222 -0.721,0.448 -1.068,0.679 0.62,0.03 1.256,0.134 1.885,0.316 0.757,0.209 1.51,0.527 2.235,0.943 1.958,1.125 3.28,2.779 3.455,4.31 0.168,1.526 1.579,3.08 3.766,4.158 3.363,1.658 8.855,2.281 14.188,-0.938 0.289,-0.175 0.578,-0.343 0.868,-0.508 7.418,-4.187 14.483,-4.374 21.009,-0.563 5.079,2.972 7.914,7.39 7.943,7.434 0.117,0.184 0.362,0.242 0.546,0.124 C 0.061,0.43 0.118,0.185 0,0"
         style="fill:#7cb77e;fill-opacity:1;fill-rule:nonzero;stroke:none"
         id="path5747"
         inkscape:connector-curvature="0" />
    </g>
    <g
       id="g5749"
       transform="matrix(0.35277777,0,0,-0.35277777,-87.672343,274.8031)">
      <path
         d="m 0,0 c -1.627,0 -3.336,0.465 -4.917,1.374 -2.174,1.249 -3.648,3.13 -3.847,4.909 -0.139,1.238 -1.416,2.593 -3.332,3.537 -3.175,1.565 -8.369,2.149 -13.427,-0.906 -9.985,-6.028 -17.862,-3.904 -22.712,-1.06 -5.238,3.07 -8.07,7.492 -8.188,7.678 -0.117,0.185 -0.061,0.43 0.123,0.546 0.185,0.117 0.43,0.063 0.547,-0.123 0.028,-0.044 2.863,-4.464 7.943,-7.434 6.779,-3.961 14.14,-3.601 21.877,1.072 5.332,3.219 10.825,2.595 14.187,0.937 2.189,-1.078 3.598,-2.634 3.769,-4.159 0.172,-1.532 1.495,-3.184 3.454,-4.31 C -2.104,0.67 0.62,0.404 2.765,1.351 2.966,1.439 3.199,1.349 3.287,1.148 3.375,0.948 3.285,0.714 3.085,0.626 2.135,0.207 1.085,0 0,0"
         style="fill:#7cb77e;fill-opacity:1;fill-rule:nonzero;stroke:none"
         id="path5751"
         inkscape:connector-curvature="0" />
    </g>
    <g
       id="g5753"
       transform="matrix(0.35277777,0,0,-0.35277777,-106.08293,269.38881)">
      <path
         d="m 0,0 c -0.138,0 -0.272,0.072 -0.345,0.201 -0.108,0.191 -0.041,0.432 0.15,0.539 0.234,0.134 5.798,3.231 10.484,1.239 3.473,-1.476 5.211,-0.083 7.222,1.53 0.487,0.39 0.99,0.795 1.533,1.17 2.927,2.022 4.808,2.966 12.37,0.574 2.419,-0.766 4.202,-0.716 5.299,0.147 1.328,1.044 1.209,2.994 1.208,3.013 -0.015,0.218 0.15,0.407 0.368,0.423 0.217,0.012 0.407,-0.148 0.422,-0.365 C 38.718,8.374 38.865,6.091 37.209,4.782 35.893,3.743 33.864,3.646 31.175,4.497 23.95,6.782 22.288,5.957 19.494,4.027 18.975,3.668 18.482,3.273 18.006,2.892 15.889,1.192 13.89,-0.412 9.979,1.25 5.648,3.09 0.249,0.082 0.195,0.052 0.133,0.017 0.066,0 0,0"
         style="fill:#7cb77e;fill-opacity:1;fill-rule:nonzero;stroke:none"
         id="path5755"
         inkscape:connector-curvature="0" />
    </g>
    <g
       id="g5757"
       transform="matrix(0.35277777,0,0,-0.35277777,-97.554602,272.53555)">
      <path
         d="m 0,0 c -0.022,-0.022 -0.095,-0.093 -0.216,-0.204 -1.1,-1.024 -6.109,-5.364 -11.499,-5.364 -0.083,0 -0.162,0 -0.245,0.003 h -0.185 c -3.07,0 -6.49,-1.875 -9.001,-3.615 -0.416,-0.289 -0.807,-0.575 -1.169,-0.848 -0.27,0.131 -0.538,0.264 -0.801,0.4 0.349,0.271 0.731,0.557 1.144,0.849 2.67,1.904 6.515,4.085 10.031,4.005 0.073,-0.003 0.149,-0.003 0.222,-0.003 4.79,0 9.43,3.792 10.778,4.983 0.245,0.22 0.379,0.354 0.388,0.359 0.136,0.134 0.343,0.147 0.496,0.045 C -0.035,0.598 -0.013,0.578 0.006,0.56 0.159,0.403 0.156,0.152 0,0"
         style="fill:#7cb77e;fill-opacity:1;fill-rule:nonzero;stroke:none"
         id="path5759"
         inkscape:connector-curvature="0" />
    </g>
    <g
       id="g5761"
       transform="matrix(0.35277777,0,0,-0.35277777,-107.76223,267.21186)">
      <path
         d="m 0,0 c 1.551,1.322 4.167,1.522 7.774,0.598 8.995,-2.302 11.188,-1.418 14.589,0.479 0.645,0.36 1.255,0.754 1.846,1.138 2.584,1.676 5.025,3.258 9.777,1.624 3.229,-1.112 6.923,-0.489 9.399,0.207 0.845,0.235 1.551,0.479 2.047,0.667 C 45.81,4.586 46.185,4.453 46.557,4.316 46.464,4.271 45.784,3.967 44.723,3.617 42.253,2.794 37.724,1.713 33.729,3.089 29.343,4.599 27.162,3.185 24.639,1.551 24.038,1.16 23.415,0.756 22.748,0.385 19.166,-1.615 16.864,-2.546 7.577,-0.169 4.288,0.674 1.847,0.527 0.521,-0.595 -0.737,-1.662 -0.617,-3.296 -0.617,-3.315 -0.598,-3.531 -0.756,-3.722 -0.976,-3.741 -1.192,-3.764 -1.383,-3.602 -1.405,-3.385 -1.411,-3.303 -1.57,-1.338 0,0"
         style="fill:#fef9ee;fill-opacity:1;fill-rule:nonzero;stroke:none"
         id="path5763"
         inkscape:connector-curvature="0" />
    </g>
    <g
       id="g5765"
       transform="matrix(0.35277777,0,0,-0.35277777,-99.97822,273.4199)">
      <path
         d="m 0,0 c -2.304,0 -4.867,0.521 -7.511,1.059 -3.371,0.686 -6.856,1.395 -10.197,1.15 -0.799,-0.059 -1.559,-0.086 -2.278,-0.086 -9.265,0 -12.03,4.517 -12.152,4.724 -0.11,0.188 -0.047,0.431 0.141,0.542 0.189,0.11 0.432,0.048 0.543,-0.141 0.029,-0.05 3.121,-5.024 13.688,-4.249 3.449,0.252 6.989,-0.468 10.413,-1.164 4.631,-0.941 9.007,-1.832 11.932,0.135 1.794,1.206 2.974,3.42 3.606,6.768 0.694,3.68 2.486,6.437 5.326,8.194 6.716,4.155 16.866,1.347 17.295,1.225 0.21,-0.059 0.333,-0.278 0.273,-0.488 C 31.02,17.458 30.801,17.336 30.59,17.396 30.488,17.425 20.341,20.229 13.925,16.257 11.284,14.622 9.614,12.043 8.963,8.592 8.29,5.024 7,2.643 5.021,1.312 3.583,0.347 1.877,0 0,0"
         style="fill:#fef9ee;fill-opacity:1;fill-rule:nonzero;stroke:none"
         id="path5767"
         inkscape:connector-curvature="0" />
    </g>
    <g
       id="g5769"
       transform="matrix(0.35277777,0,0,-0.35277777,-89.030396,268.38491)">
      <path
         d="m 0,0 c -0.118,-0.187 -2.949,-4.608 -8.188,-7.679 -4.668,-2.736 -12.141,-4.805 -21.593,0.416 -0.241,0.131 -0.48,0.268 -0.725,0.41 -0.13,0.077 -0.261,0.157 -0.394,0.236 -5.057,3.054 -10.253,2.47 -13.429,0.906 -1.916,-0.944 -3.191,-2.302 -3.33,-3.538 -0.201,-1.776 -1.672,-3.658 -3.846,-4.91 -0.557,-0.321 -1.128,-0.585 -1.707,-0.792 -0.575,-0.209 -1.157,-0.362 -1.739,-0.457 -0.365,0.221 -0.721,0.448 -1.068,0.679 0.62,0.029 1.256,0.134 1.885,0.315 0.757,0.21 1.51,0.528 2.235,0.944 1.958,1.125 3.28,2.779 3.455,4.31 0.168,1.525 1.579,3.08 3.766,4.157 3.363,1.659 8.855,2.282 14.188,-0.937 0.289,-0.175 0.578,-0.343 0.868,-0.509 7.418,-4.186 14.484,-4.373 21.009,-0.563 5.079,2.972 7.914,7.39 7.943,7.435 0.117,0.184 0.362,0.241 0.546,0.124 C 0.061,0.43 0.118,0.185 0,0"
         style="fill:#fef9ee;fill-opacity:1;fill-rule:nonzero;stroke:none"
         id="path5771"
         inkscape:connector-curvature="0" />
    </g>
    <g
       id="g5773"
       transform="matrix(0.35277777,0,0,-0.35277777,-89.577978,273.14258)">
      <path
         d="m 0,0 c -1.627,0 -3.336,0.464 -4.917,1.373 -2.174,1.25 -3.648,3.131 -3.847,4.91 -0.139,1.238 -1.416,2.592 -3.332,3.537 -3.175,1.565 -8.368,2.148 -13.427,-0.906 -9.985,-6.029 -17.862,-3.904 -22.712,-1.06 -5.237,3.07 -8.07,7.491 -8.187,7.678 -0.118,0.185 -0.062,0.429 0.122,0.546 0.185,0.117 0.43,0.062 0.547,-0.123 0.028,-0.044 2.863,-4.464 7.943,-7.434 6.779,-3.961 14.14,-3.601 21.878,1.072 5.331,3.219 10.824,2.595 14.186,0.937 2.189,-1.079 3.598,-2.634 3.769,-4.159 0.172,-1.533 1.495,-3.184 3.454,-4.31 C -2.104,0.67 0.62,0.404 2.765,1.351 2.966,1.438 3.199,1.348 3.287,1.148 3.376,0.948 3.285,0.714 3.085,0.626 2.135,0.207 1.085,0 0,0"
         style="fill:#fef9ee;fill-opacity:1;fill-rule:nonzero;stroke:none"
         id="path5775"
         inkscape:connector-curvature="0" />
    </g>
    <g
       id="g5777"
       transform="matrix(0.35277777,0,0,-0.35277777,-89.506858,273.48985)">
      <path
         d="m 0,0 c -1.551,-1.322 -4.167,-1.522 -7.774,-0.598 -8.995,2.301 -11.188,1.417 -14.589,-0.48 -0.645,-0.359 -1.256,-0.753 -1.846,-1.138 -2.584,-1.675 -5.026,-3.258 -9.777,-1.624 -3.229,1.112 -6.923,0.489 -9.399,-0.206 -0.845,-0.235 -1.551,-0.48 -2.047,-0.668 -0.378,0.127 -0.753,0.261 -1.125,0.398 0.093,0.045 0.773,0.349 1.834,0.699 2.47,0.823 6.999,1.903 10.994,0.527 4.386,-1.51 6.567,-0.095 9.09,1.538 0.601,0.392 1.224,0.795 1.891,1.167 3.582,1.999 5.884,2.931 15.171,0.553 3.289,-0.842 5.73,-0.696 7.056,0.426 1.258,1.068 1.138,2.702 1.138,2.72 C 0.598,3.531 0.756,3.722 0.976,3.74 1.192,3.763 1.382,3.601 1.405,3.385 1.411,3.302 1.57,1.338 0,0"
         style="fill:#fef9ee;fill-opacity:1;fill-rule:nonzero;stroke:none"
         id="path5779"
         inkscape:connector-curvature="0" />
    </g>
    <g
       id="g5781"
       transform="matrix(0.35277777,0,0,-0.35277777,-107.98857,267.72829)">
      <path
         d="m 0,0 c -0.138,0 -0.272,0.072 -0.345,0.201 -0.108,0.19 -0.041,0.432 0.15,0.539 0.234,0.133 5.798,3.231 10.484,1.239 3.473,-1.476 5.211,-0.083 7.222,1.53 0.487,0.39 0.99,0.795 1.533,1.17 2.927,2.022 4.808,2.966 12.37,0.573 2.419,-0.765 4.202,-0.715 5.299,0.148 1.328,1.044 1.21,2.994 1.208,3.013 -0.015,0.218 0.15,0.407 0.368,0.423 C 38.506,8.848 38.696,8.688 38.711,8.47 38.718,8.374 38.865,6.091 37.209,4.782 35.893,3.743 33.864,3.646 31.175,4.497 23.95,6.782 22.288,5.956 19.494,4.026 18.975,3.668 18.482,3.273 18.006,2.891 15.889,1.192 13.89,-0.412 9.979,1.25 5.648,3.09 0.249,0.082 0.195,0.052 0.133,0.017 0.066,0 0,0"
         style="fill:#fef9ee;fill-opacity:1;fill-rule:nonzero;stroke:none"
         id="path5783"
         inkscape:connector-curvature="0" />
    </g>
    <g
       id="g5785"
       transform="matrix(0.35277777,0,0,-0.35277777,-100.50203,268.71046)">
      <path
         d="m 0,0 c -1.432,0.524 -1.506,1.937 -1.506,1.937 0,0 2.246,0.562 3.677,0.038 C 3.603,1.45 3.678,0.037 3.678,0.037 3.678,0.037 1.432,-0.524 0,0"
         style="fill:#58a35c;fill-opacity:1;fill-rule:nonzero;stroke:none"
         id="path5787"
         inkscape:connector-curvature="0" />
    </g>
    <g
       id="g5789"
       transform="matrix(0.35277777,0,0,-0.35277777,-96.727938,266.0612)">
      <path
         d="m 0,0 c -1.432,0.524 -1.507,1.937 -1.507,1.937 0,0 2.246,0.563 3.678,0.038 C 3.603,1.45 3.678,0.037 3.678,0.037 3.678,0.037 1.431,-0.524 0,0"
         style="fill:#58a35c;fill-opacity:1;fill-rule:nonzero;stroke:none"
         id="path5791"
         inkscape:connector-curvature="0" />
    </g>
  </g>
</svg>
